98	0.6501
233	0.1788
242	0.1599
326	0.7369
355	0.6171
371	0.1906
381	0.1514
389	0.1479
476	0.1909
480	0.2121
718	0.4386
722	0.4181
820	4.239
851	0.7006
910	0.852
954	0.1223
1061	0.2412
1062	2.289
1067	0.1533
1070	0.1846
1076	0.141
1328	0.5793
1424	0.6881
1515	1.2
1633	0.9292
1829	0.251
1831	0.3083
1841	0.169
1850	0.5069
2069	1.106
2156	0.2189
3012	0.6479
3227	0.2606
3236	0.1774
3279	3.261
3283	0.7451
3364	0.6283
3464	0.2817
3470	0.2009
3473	0.2767
3476	0.2692
3503	0.1939
3506	0.1678
3540	0.3934
3644	0.2791
3647	0.2171
3866	0.2183
3870	0.1546
3875	0.126
3938	0.2839
3968	0.1695
4097	0.1561
4103	0.1678
4112	0.1855
4294	2.637
4382	0.1596
4479	0.3091
4481	0.2155
4484	0.2503
4490	0.2381
4496	0.7522
4622	0.1614
4625	0.1584
4631	0.2226
5036	0.9989
5189	0.8721
5632	0.6693
5633	0.2222
5663	0.264
5857	0.4254
5909	0.1591
6140	0.2682
6185	0.2498
6191	0.5252
6224	0.3471
6311	0.4103
6341	0.2551
6344	0.1581
6408	0.7493
6437	0.3713
6461	0.252
6971	0.162
7241	0.198
7257	0.1818
7262	0.2826
7268	0.304
7292	0.3475
7293	0.3506
7352	0.1774
7355	0.2205
7586	1.144
7599	0.6009
7706	0.2434
7731	0.4486
7745	0.3544
9011	0.1122
9014	0.1134
9470	0.5419
9607	0.1691
9608	0.1693
9632	0.2527
9635	0.1673
9887	0.8482
9899	0.8504
9905	0.3423
9965	0.2442
9983	0.1968
10016	0.2907
10017	0.2968
10026	0.4094
10037	0.3892
10052	0.3594
10094	0.2447
10115	0.2337
10148	0.2099
10160	0.3724
10163	0.4365
10166	0.4658
10202	0.2575
10491	0.2405
